1 0.28794642857142855 0.6227678571428571 0.09821428571428571 0.15178571428571427
1 0.24776785714285715 0.8258928571428571 0.0625 0.08482142857142858
1 0.37723214285714285 0.47767857142857145 0.10267857142857142 0.15625
1 0.4263392857142857 0.5446428571428571 0.05357142857142857 0.125
1 0.49107142857142855 0.7053571428571429 0.10714285714285714 0.14285714285714285
1 0.5379464285714286 0.35044642857142855 0.10714285714285714 0.23660714285714285
1 0.578125 0.48660714285714285 0.09821428571428571 0.10267857142857142
1 0.5401785714285714 0.921875 0.03571428571428571 0.0625
1 0.6160714285714286 0.8147321428571429 0.0625 0.05357142857142857
1 0.9419642857142857 0.9776785714285714 0.11607142857142858 0.044642857142857144
1 0.8526785714285714 0.28348214285714285 0.03571428571428571 0.0625
1 0.8526785714285714 0.5290178571428571 0.04017857142857143 0.049107142857142856
1 0.7678571428571429 0.4732142857142857 0.07142857142857142 0.11607142857142858