2 0.125 0.17633928571428573 0.19642857142857142 0.19642857142857142
2 0.234375 0.5535714285714286 0.4107142857142857 0.14732142857142858
2 0.6049107142857143 0.203125 0.049107142857142856 0.08482142857142858
2 0.828125 0.171875 0.17857142857142858 0.14732142857142858
2 0.8883928571428571 0.37723214285714285 0.10267857142857142 0.10267857142857142
2 0.7120535714285714 0.5133928571428571 0.14285714285714285 0.10267857142857142
2 0.7901785714285714 0.6808035714285714 0.10267857142857142 0.08482142857142858
2 0.7879464285714286 0.890625 0.16964285714285715 0.10267857142857142
2 0.16294642857142858 0.9084821428571429 0.13392857142857142 0.07589285714285714
2 0.34151785714285715 0.38169642857142855 0.19642857142857142 0.10267857142857142
2 0.060267857142857144 0.35267857142857145 0.11607142857142858 0.13392857142857142