3 0.29910714285714285 0.6852678571428571 0.08035714285714286 0.09375
3 0.13616071428571427 0.37276785714285715 0.08482142857142858 0.09821428571428571
3 0.42410714285714285 0.8928571428571429 0.36607142857142855 0.21428571428571427
3 0.6607142857142857 0.9285714285714286 0.0625 0.09375
3 0.31473214285714285 0.09375 0.05357142857142857 0.0625
3 0.6049107142857143 0.16071428571428573 0.044642857142857144 0.0625
3 0.6517857142857143 0.6116071428571429 0.04017857142857143 0.07142857142857142
3 0.7098214285714286 0.375 0.07142857142857142 0.10714285714285714
3 0.8660714285714286 0.47767857142857145 0.09375 0.24107142857142858
3 0.7834821428571429 0.21205357142857142 0.08928571428571429 0.12946428571428573
3 0.9285714285714286 0.33035714285714285 0.0625 0.05803571428571429
3 0.9486607142857143 0.20535714285714285 0.0625 0.0625