3 0.12276785714285714 0.8080357142857143 0.19196428571428573 0.10714285714285714
3 0.4330357142857143 0.8013392857142857 0.05357142857142857 0.05357142857142857
3 0.27901785714285715 0.46875 0.11160714285714286 0.07142857142857142
3 0.3549107142857143 0.14955357142857142 0.09821428571428571 0.08928571428571429
3 0.25223214285714285 0.09375 0.05803571428571429 0.08035714285714286
3 0.6986607142857143 0.5959821428571429 0.13392857142857142 0.22767857142857142
3 0.6741071428571429 0.26339285714285715 0.09821428571428571 0.09821428571428571
3 0.7388392857142857 0.40625 0.09821428571428571 0.125
3 0.8660714285714286 0.6428571428571429 0.19642857142857142 0.11607142857142858
3 0.9799107142857143 0.23660714285714285 0.04017857142857143 0.21428571428571427
3 0.19642857142857142 0.5625 0.044642857142857144 0.03571428571428571
3 0.23883928571428573 0.3325892857142857 0.17857142857142858 0.08035714285714286