3 0.060267857142857144 0.15178571428571427 0.03571428571428571 0.05803571428571429
3 0.08035714285714286 0.296875 0.03125 0.08035714285714286
3 0.08928571428571429 0.44642857142857145 0.049107142857142856 0.03125
3 0.049107142857142856 0.43973214285714285 0.03571428571428571 0.0625
3 0.06919642857142858 0.5111607142857143 0.03571428571428571 0.044642857142857144
3 0.12053571428571429 0.5401785714285714 0.05357142857142857 0.07142857142857142
3 0.07366071428571429 0.5625 0.04017857142857143 0.05357142857142857
3 0.08258928571428571 0.6450892857142857 0.05357142857142857 0.0625
3 0.10714285714285714 0.6986607142857143 0.03571428571428571 0.04017857142857143
3 0.12723214285714285 0.6383928571428571 0.03125 0.05803571428571429
3 0.12946428571428573 0.8482142857142857 0.044642857142857144 0.08035714285714286
3 0.3125 0.328125 0.017857142857142856 0.03125
3 0.29464285714285715 0.3950892857142857 0.026785714285714284 0.04017857142857143
3 0.3325892857142857 0.40625 0.017857142857142856 0.013392857142857142
3 0.29464285714285715 0.44642857142857145 0.026785714285714284 0.017857142857142856
3 0.39955357142857145 0.6227678571428571 0.10267857142857142 0.10714285714285714
3 0.41964285714285715 0.7276785714285714 0.05357142857142857 0.07142857142857142
3 0.5334821428571429 0.828125 0.026785714285714284 0.03571428571428571
3 0.7053571428571429 0.6339285714285714 0.08928571428571429 0.08928571428571429
3 0.9732142857142857 0.359375 0.05357142857142857 0.12053571428571429
3 0.9642857142857143 0.49776785714285715 0.07142857142857142 0.0625
3 0.96875 0.6316964285714286 0.03571428571428571 0.04017857142857143
3 0.9441964285714286 0.6941964285714286 0.026785714285714284 0.026785714285714284
3 0.9575892857142857 0.7410714285714286 0.03571428571428571 0.026785714285714284
3 0.9419642857142857 0.78125 0.022321428571428572 0.03125
3 0.9598214285714286 0.8258928571428571 0.017857142857142856 0.026785714285714284
3 0.9665178571428571 0.8683035714285714 0.022321428571428572 0.026785714285714284
3 0.9955357142857143 0.8504464285714286 0.008928571428571428 0.044642857142857144
3 0.71875 0.4419642857142857 0.03125 0.044642857142857144
3 0.6808035714285714 0.359375 0.013392857142857142 0.026785714285714284
3 0.6339285714285714 0.4732142857142857 0.017857142857142856 0.03125
3 0.7633928571428571 0.5714285714285714 0.03125 0.017857142857142856
3 0.5401785714285714 0.7767857142857143 0.03571428571428571 0.05357142857142857
3 0.4330357142857143 0.31473214285714285 0.017857142857142856 0.026785714285714284