3 0.4263392857142857 0.43526785714285715 0.05803571428571429 0.049107142857142856
3 0.6875 0.32142857142857145 0.0625 0.13392857142857142
3 0.7455357142857143 0.14955357142857142 0.0625 0.04017857142857143
3 0.9263392857142857 0.12053571428571429 0.06696428571428571 0.14285714285714285
3 0.7321428571428571 0.45982142857142855 0.13392857142857142 0.05803571428571429
3 0.27455357142857145 0.6986607142857143 0.08928571428571429 0.044642857142857144
3 0.36607142857142855 0.5133928571428571 0.05803571428571429 0.026785714285714284
3 0.07589285714285714 0.44419642857142855 0.05803571428571429 0.044642857142857144
3 0.9263392857142857 0.8549107142857143 0.10714285714285714 0.04017857142857143
3 0.8102678571428571 0.8102678571428571 0.044642857142857144 0.05357142857142857
3 0.5089285714285714 0.140625 0.09821428571428571 0.03571428571428571