3 0.5491071428571429 0.7834821428571429 0.04017857142857143 0.0625
3 0.47767857142857145 0.859375 0.04017857142857143 0.05357142857142857
3 0.9174107142857143 0.7946428571428571 0.026785714285714284 0.044642857142857144
3 0.9419642857142857 0.5245535714285714 0.026785714285714284 0.03571428571428571
3 0.6897321428571429 0.5915178571428571 0.044642857142857144 0.05357142857142857
3 0.8392857142857143 0.7477678571428571 0.03571428571428571 0.05357142857142857
3 0.49776785714285715 0.39732142857142855 0.05357142857142857 0.07589285714285714
3 0.6227678571428571 0.41964285714285715 0.0625 0.05803571428571429
3 0.5022321428571429 0.5959821428571429 0.044642857142857144 0.07142857142857142
3 0.5178571428571429 0.21205357142857142 0.04017857142857143 0.0625
3 0.8191964285714286 0.40625 0.03125 0.044642857142857144
3 0.8058035714285714 0.234375 0.0625 0.07142857142857142
3 0.7209821428571429 0.33035714285714285 0.044642857142857144 0.05803571428571429
3 0.6785714285714286 0.20982142857142858 0.049107142857142856 0.0625