3 0.25669642857142855 0.5290178571428571 0.049107142857142856 0.03571428571428571
3 0.19866071428571427 0.3549107142857143 0.03571428571428571 0.026785714285714284
3 0.31026785714285715 0.3125 0.07142857142857142 0.0625
3 0.7299107142857143 0.7544642857142857 0.05357142857142857 0.09821428571428571
3 0.5401785714285714 0.9933035714285714 0.05357142857142857 0.013392857142857142
3 0.4330357142857143 0.09598214285714286 0.08035714285714286 0.05357142857142857
3 0.34151785714285715 0.07589285714285714 0.026785714285714284 0.044642857142857144
3 0.27455357142857145 0.125 0.03571428571428571 0.03571428571428571
3 0.5691964285714286 0.033482142857142856 0.08928571428571429 0.044642857142857144
3 0.6941964285714286 0.6183035714285714 0.049107142857142856 0.03571428571428571
3 0.6361607142857143 0.8325892857142857 0.044642857142857144 0.044642857142857144
3 0.7566964285714286 0.6049107142857143 0.03571428571428571 0.026785714285714284
3 0.6160714285714286 0.6116071428571429 0.03125 0.03125
3 0.4107142857142857 0.36830357142857145 0.04017857142857143 0.06696428571428571
3 0.5491071428571429 0.44642857142857145 0.05357142857142857 0.044642857142857144
3 0.5625 0.3169642857142857 0.044642857142857144 0.03571428571428571
3 0.703125 0.47098214285714285 0.07142857142857142 0.05803571428571429