3 0.18303571428571427 0.033482142857142856 0.05803571428571429 0.05357142857142857
3 0.109375 0.21205357142857142 0.05803571428571429 0.049107142857142856
3 0.017857142857142856 0.28348214285714285 0.03571428571428571 0.07589285714285714
3 0.06919642857142858 0.40625 0.13839285714285715 0.06696428571428571
3 0.3392857142857143 0.6696428571428571 0.17857142857142858 0.15178571428571427
3 0.359375 0.890625 0.20982142857142858 0.09821428571428571
3 0.18973214285714285 0.9553571428571429 0.08035714285714286 0.0625
3 0.7723214285714286 0.10044642857142858 0.20535714285714285 0.13392857142857142
3 0.6383928571428571 0.234375 0.08928571428571429 0.044642857142857144
3 0.6808035714285714 0.4375 0.19196428571428573 0.11160714285714286
3 0.9575892857142857 0.59375 0.08482142857142858 0.2857142857142857
3 0.6316964285714286 0.71875 0.05357142857142857 0.0625
3 0.7767857142857143 0.6517857142857143 0.08035714285714286 0.07142857142857142