3 0.4486607142857143 0.6004464285714286 0.049107142857142856 0.07142857142857142
3 0.390625 0.47767857142857145 0.06696428571428571 0.11607142857142858
3 0.6272321428571429 0.5580357142857143 0.03571428571428571 0.10267857142857142
3 0.7008928571428571 0.6183035714285714 0.026785714285714284 0.03571428571428571
3 0.8928571428571429 0.4955357142857143 0.08928571428571429 0.11607142857142858
3 0.22098214285714285 0.17633928571428573 0.05357142857142857 0.05803571428571429
3 0.32589285714285715 0.14285714285714285 0.03571428571428571 0.05357142857142857
3 0.5 0.37276785714285715 0.026785714285714284 0.05357142857142857
3 0.3392857142857143 0.03125 0.017857142857142856 0.03571428571428571
3 0.43973214285714285 0.06473214285714286 0.026785714285714284 0.049107142857142856
3 0.4955357142857143 0.12946428571428573 0.03125 0.044642857142857144
3 0.6294642857142857 0.08035714285714286 0.03125 0.044642857142857144
3 0.7299107142857143 0.0625 0.04017857142857143 0.049107142857142856
3 0.2767857142857143 0.6138392857142857 0.049107142857142856 0.09821428571428571