3 0.3169642857142857 0.22544642857142858 0.05357142857142857 0.07142857142857142
3 0.4330357142857143 0.265625 0.0625 0.16964285714285715
3 0.4107142857142857 0.7366071428571429 0.05357142857142857 0.11607142857142858
3 0.28794642857142855 0.9017857142857143 0.08482142857142858 0.16071428571428573
3 0.5691964285714286 0.8727678571428571 0.044642857142857144 0.12053571428571429
3 0.6160714285714286 0.6741071428571429 0.03571428571428571 0.07142857142857142
3 0.578125 0.25223214285714285 0.03571428571428571 0.09821428571428571
3 0.3013392857142857 0.34598214285714285 0.14285714285714285 0.14285714285714285
3 0.23660714285714285 0.20535714285714285 0.07142857142857142 0.07142857142857142
3 0.14508928571428573 0.33035714285714285 0.08035714285714286 0.12946428571428573
3 0.033482142857142856 0.25 0.06696428571428571 0.16071428571428573
3 0.43526785714285715 0.41294642857142855 0.08035714285714286 0.07142857142857142
3 0.43526785714285715 0.9308035714285714 0.05357142857142857 0.11607142857142858
3 0.46651785714285715 0.7455357142857143 0.03125 0.17857142857142858
3 0.6026785714285714 0.41517857142857145 0.07142857142857142 0.16071428571428573