3 0.6071428571428571 0.7299107142857143 0.0625 0.03571428571428571
3 0.4888392857142857 0.7745535714285714 0.08928571428571429 0.044642857142857144
3 0.7924107142857143 0.43080357142857145 0.17857142857142858 0.06696428571428571
3 0.4330357142857143 0.5714285714285714 0.125 0.09821428571428571
3 0.25892857142857145 0.71875 0.07589285714285714 0.05357142857142857
3 0.03125 0.8861607142857143 0.0625 0.07589285714285714
3 0.6428571428571429 0.31919642857142855 0.09821428571428571 0.0625
3 0.5133928571428571 0.3794642857142857 0.14732142857142858 0.07589285714285714
3 0.37723214285714285 0.31919642857142855 0.044642857142857144 0.03571428571428571
3 0.05803571428571429 0.35044642857142855 0.07142857142857142 0.03571428571428571
3 0.3705357142857143 0.19642857142857142 0.09821428571428571 0.07142857142857142
3 0.03125 0.18526785714285715 0.0625 0.05803571428571429
3 0.27901785714285715 0.5133928571428571 0.05357142857142857 0.026785714285714284
3 0.21651785714285715 0.5535714285714286 0.0625 0.03571428571428571