3 0.7410714285714286 0.8058035714285714 0.11160714285714286 0.14285714285714285
3 0.625 0.049107142857142856 0.13392857142857142 0.09821428571428571
3 0.6339285714285714 0.5669642857142857 0.07589285714285714 0.1875
3 0.5558035714285714 0.6339285714285714 0.04017857142857143 0.125
3 0.5558035714285714 0.265625 0.05357142857142857 0.26785714285714285
3 0.3705357142857143 0.42410714285714285 0.16071428571428573 0.33482142857142855
3 0.40625 0.796875 0.05357142857142857 0.20535714285714285
3 0.32142857142857145 0.6607142857142857 0.05357142857142857 0.0625
3 0.3549107142857143 0.953125 0.05803571428571429 0.09375
3 0.27232142857142855 0.12053571428571429 0.22321428571428573 0.24107142857142858
3 0.16741071428571427 0.33705357142857145 0.08928571428571429 0.1875
3 0.060267857142857144 0.7723214285714286 0.12053571428571429 0.45535714285714285
3 0.25892857142857145 0.9665178571428571 0.08928571428571429 0.0625
3 0.8928571428571429 0.5825892857142857 0.08928571428571429 0.15178571428571427
3 0.9196428571428571 0.13169642857142858 0.10714285714285714 0.08035714285714286
3 0.9776785714285714 0.30580357142857145 0.044642857142857144 0.17857142857142858
3 0.8214285714285714 0.08258928571428571 0.09821428571428571 0.125
3 0.8214285714285714 0.328125 0.08035714285714286 0.19642857142857142
3 0.6696428571428571 0.203125 0.15178571428571427 0.23214285714285715