4 0.8973214285714286 0.48214285714285715 0.09821428571428571 0.1875
4 0.75 0.06696428571428571 0.0625 0.08035714285714286
4 0.6205357142857143 0.026785714285714284 0.08035714285714286 0.05357142857142857
4 0.5401785714285714 0.0625 0.026785714285714284 0.11607142857142858
4 0.5290178571428571 0.34151785714285715 0.06696428571428571 0.08035714285714286
4 0.45089285714285715 0.3794642857142857 0.07142857142857142 0.08035714285714286
4 0.359375 0.08705357142857142 0.07589285714285714 0.08928571428571429
4 0.25223214285714285 0.046875 0.03571428571428571 0.08928571428571429
4 0.16741071428571427 0.19642857142857142 0.08928571428571429 0.15178571428571427
4 0.08705357142857142 0.7879464285714286 0.09821428571428571 0.15178571428571427
4 0.10714285714285714 0.49330357142857145 0.08035714285714286 0.14732142857142858