3 0.8616071428571429 0.828125 0.12946428571428573 0.11607142857142858
3 0.6785714285714286 0.6160714285714286 0.125 0.08928571428571429
3 0.890625 0.06473214285714286 0.21428571428571427 0.125
3 0.39732142857142855 0.3236607142857143 0.08928571428571429 0.09821428571428571
3 0.20982142857142858 0.05803571428571429 0.40625 0.11607142857142858
3 0.24107142857142858 0.671875 0.12946428571428573 0.08482142857142858
3 0.18526785714285715 0.4419642857142857 0.13392857142857142 0.08928571428571429
3 0.015625 0.9620535714285714 0.03125 0.05357142857142857
3 0.9508928571428571 0.6629464285714286 0.09821428571428571 0.08928571428571429
3 0.20758928571428573 0.7946428571428571 0.05357142857142857 0.044642857142857144
3 0.6183035714285714 0.359375 0.18303571428571427 0.20535714285714285