3 0.7232142857142857 0.36160714285714285 0.125 0.16964285714285715
3 0.34151785714285715 0.05133928571428571 0.14732142857142858 0.10267857142857142
3 0.4263392857142857 0.18526785714285715 0.10714285714285714 0.10714285714285714
3 0.5758928571428571 0.020089285714285716 0.125 0.04017857142857143
3 0.5758928571428571 0.6875 0.125 0.22321428571428573
3 0.9464285714285714 0.6629464285714286 0.10714285714285714 0.09375
3 0.7566964285714286 0.9241071428571429 0.125 0.15178571428571427
3 0.4955357142857143 0.9196428571428571 0.2767857142857143 0.16071428571428573
3 0.044642857142857144 0.14732142857142858 0.08928571428571429 0.29464285714285715
3 0.22544642857142858 0.6897321428571429 0.20982142857142858 0.1875
3 0.125 0.9665178571428571 0.25 0.06696428571428571