3 0.6830357142857143 0.5647321428571429 0.1875 0.125
3 0.7053571428571429 0.9308035714285714 0.16071428571428573 0.044642857142857144
3 0.4107142857142857 0.9866071428571429 0.22321428571428573 0.026785714285714284
3 0.25892857142857145 0.9174107142857143 0.09821428571428571 0.0625
3 0.13616071428571427 0.75 0.16071428571428573 0.08035714285714286
3 0.36830357142857145 0.6026785714285714 0.08928571428571429 0.07142857142857142
3 0.3794642857142857 0.47544642857142855 0.08482142857142858 0.0625
3 0.265625 0.6428571428571429 0.07142857142857142 0.125
3 0.17857142857142858 0.38169642857142855 0.11607142857142858 0.13392857142857142
3 0.3861607142857143 0.3236607142857143 0.10714285714285714 0.09821428571428571
3 0.06473214285714286 0.6049107142857143 0.09375 0.11160714285714286
3 0.6294642857142857 0.3013392857142857 0.14285714285714285 0.09821428571428571
3 0.6049107142857143 0.13392857142857142 0.17410714285714285 0.07589285714285714
3 0.8303571428571429 0.19642857142857142 0.13392857142857142 0.08928571428571429
3 0.8705357142857143 0.03125 0.13839285714285715 0.0625
3 0.45089285714285715 0.013392857142857142 0.0625 0.026785714285714284
3 0.2700892857142857 0.10491071428571429 0.17857142857142858 0.08928571428571429
3 0.90625 0.484375 0.1875 0.1875
3 0.06919642857142858 0.9754464285714286 0.13839285714285715 0.049107142857142856