3 0.9352678571428571 0.9642857142857143 0.06696428571428571 0.07142857142857142
3 0.8370535714285714 0.9665178571428571 0.05357142857142857 0.0625
3 0.9129464285714286 0.7589285714285714 0.07142857142857142 0.15625
3 0.7901785714285714 0.7477678571428571 0.07142857142857142 0.09821428571428571
3 0.8772321428571429 0.6026785714285714 0.0625 0.07589285714285714
3 0.7477678571428571 0.5848214285714286 0.10714285714285714 0.07589285714285714
3 0.859375 0.41964285714285715 0.07142857142857142 0.17857142857142858
3 0.71875 0.3638392857142857 0.05357142857142857 0.0625
3 0.6540178571428571 0.34598214285714285 0.03571428571428571 0.08928571428571429
3 0.796875 0.33035714285714285 0.05357142857142857 0.09375
3 0.6875 0.23883928571428573 0.044642857142857144 0.0625
3 0.59375 0.38392857142857145 0.03571428571428571 0.0625
3 0.5982142857142857 0.15848214285714285 0.05357142857142857 0.16517857142857142
3 0.703125 0.8459821428571429 0.09821428571428571 0.08035714285714286
3 0.6227678571428571 0.7678571428571429 0.044642857142857144 0.07142857142857142
3 0.7075892857142857 0.6941964285714286 0.06696428571428571 0.10714285714285714