3 0.10044642857142858 0.3482142857142857 0.08035714285714286 0.09821428571428571
3 0.3080357142857143 0.36160714285714285 0.25 0.20089285714285715
3 0.5959821428571429 0.24107142857142858 0.05357142857142857 0.0625
3 0.14508928571428573 0.5959821428571429 0.05357142857142857 0.07142857142857142
3 0.24330357142857142 0.5915178571428571 0.125 0.11160714285714286
3 0.14508928571428573 0.7946428571428571 0.044642857142857144 0.05357142857142857
3 0.5022321428571429 0.35044642857142855 0.03571428571428571 0.044642857142857144
3 0.41294642857142855 0.6428571428571429 0.044642857142857144 0.044642857142857144
3 0.46875 0.625 0.03571428571428571 0.03571428571428571
3 0.6964285714285714 0.30580357142857145 0.03571428571428571 0.03571428571428571
3 0.8013392857142857 0.4107142857142857 0.14285714285714285 0.14732142857142858
3 0.6026785714285714 0.41294642857142855 0.09821428571428571 0.0625
3 0.9129464285714286 0.546875 0.03571428571428571 0.044642857142857144